0 0.717187 0.289062 0.031250 0.031250
0 0.826562 0.298438 0.031250 0.031250
0 0.821875 0.248438 0.031250 0.031250
0 0.804688 0.223438 0.031250 0.031250
0 0.820312 0.304688 0.031250 0.031250
0 0.778125 0.343750 0.031250 0.031250
0 0.728125 0.206250 0.031250 0.031250
0 0.854688 0.304688 0.031250 0.031250
0 0.767188 0.345313 0.031250 0.031250
0 0.768750 0.331250 0.031250 0.031250
0 0.728125 0.251563 0.031250 0.031250
0 0.795312 0.271875 0.031250 0.031250
0 0.829688 0.350000 0.031250 0.031250
0 0.806250 0.225000 0.031250 0.031250