0 0.462500 0.414062 0.031250 0.031250
0 0.418750 0.498437 0.031250 0.031250
0 0.496875 0.353125 0.031250 0.031250
0 0.482812 0.415625 0.031250 0.031250
0 0.470313 0.410938 0.031250 0.031250
0 0.437500 0.434375 0.031250 0.031250
0 0.434375 0.459375 0.031250 0.031250
0 0.492188 0.440625 0.031250 0.031250
0 0.528125 0.465625 0.031250 0.031250
0 0.506250 0.331250 0.031250 0.031250
0 0.504687 0.426563 0.031250 0.031250
0 0.465625 0.414062 0.031250 0.031250
0 0.462500 0.392188 0.031250 0.031250
0 0.471875 0.482812 0.031250 0.031250
0 0.498437 0.440625 0.031250 0.031250