0 0.432812 0.457813 0.031250 0.031250
0 0.532813 0.434375 0.031250 0.031250
0 0.515625 0.537500 0.031250 0.031250
0 0.465625 0.457813 0.031250 0.031250
0 0.510938 0.506250 0.031250 0.031250
0 0.404687 0.514062 0.031250 0.031250
0 0.454688 0.425000 0.031250 0.031250
0 0.459375 0.520312 0.031250 0.031250
0 0.489063 0.565625 0.031250 0.031250
0 0.537500 0.450000 0.031250 0.031250
0 0.506250 0.495312 0.031250 0.031250
0 0.482812 0.395313 0.031250 0.031250
0 0.492188 0.518750 0.031250 0.031250
0 0.414062 0.484375 0.031250 0.031250