0 0.315625 0.707812 0.031250 0.031250
0 0.323437 0.685937 0.031250 0.031250
0 0.293750 0.731250 0.031250 0.031250
0 0.346875 0.735938 0.031250 0.031250
0 0.357812 0.740625 0.031250 0.031250
0 0.325000 0.706250 0.031250 0.031250
0 0.271875 0.798438 0.031250 0.031250
0 0.346875 0.715625 0.031250 0.031250
0 0.348438 0.717187 0.031250 0.031250
0 0.334375 0.735938 0.031250 0.031250
0 0.337500 0.700000 0.031250 0.031250
0 0.395313 0.665625 0.031250 0.031250
0 0.292187 0.684375 0.031250 0.031250
0 0.373437 0.715625 0.031250 0.031250