0 0.465625 0.578125 0.031250 0.031250
0 0.373437 0.612500 0.031250 0.031250
0 0.409375 0.521875 0.031250 0.031250
0 0.451562 0.620313 0.031250 0.031250
0 0.446875 0.595313 0.031250 0.031250
0 0.390625 0.631250 0.031250 0.031250
0 0.432812 0.675000 0.031250 0.031250
0 0.450000 0.634375 0.031250 0.031250
0 0.478125 0.603125 0.031250 0.031250
0 0.540625 0.618750 0.031250 0.031250
0 0.423438 0.529687 0.031250 0.031250
0 0.510938 0.512500 0.031250 0.031250
0 0.476562 0.648438 0.031250 0.031250
0 0.440625 0.704688 0.031250 0.031250
0 0.465625 0.603125 0.031250 0.031250