2 0.814063 0.471875 0.031250 0.031250
2 0.651563 0.434375 0.031250 0.031250
2 0.701562 0.460938 0.031250 0.031250
2 0.365625 0.456250 0.031250 0.031250
2 0.531250 0.518750 0.031250 0.031250
2 0.389062 0.460938 0.031250 0.031250
2 0.725000 0.476562 0.031250 0.031250
2 0.556250 0.459375 0.031250 0.031250
2 0.903125 0.423438 0.031250 0.031250
2 0.815625 0.426563 0.031250 0.031250
2 0.353125 0.459375 0.031250 0.031250
2 0.723437 0.418750 0.031250 0.031250
2 0.568750 0.517188 0.031250 0.031250
2 0.557813 0.476562 0.031250 0.031250