2 0.948438 0.440625 0.031250 0.031250
2 0.804688 0.400000 0.031250 0.031250
2 0.956250 0.393750 0.031250 0.031250
2 0.968750 0.439063 0.031250 0.031250
2 0.854688 0.423438 0.031250 0.031250
2 0.881250 0.451562 0.031250 0.031250
2 0.553125 0.415625 0.031250 0.031250
2 0.784375 0.387500 0.031250 0.031250
2 0.801562 0.379688 0.031250 0.031250
2 0.851562 0.410938 0.031250 0.031250
2 0.651563 0.398438 0.031250 0.031250
2 0.660937 0.415625 0.031250 0.031250
2 0.771875 0.464062 0.031250 0.031250
2 0.906250 0.375000 0.031250 0.031250