2 0.275000 0.606250 0.031250 0.031250
2 0.512500 0.564063 0.031250 0.031250
2 0.160938 0.620313 0.031250 0.031250
2 0.112500 0.596875 0.031250 0.031250
2 0.057813 0.515625 0.031250 0.031250
2 0.064062 0.570312 0.031250 0.031250
2 0.114062 0.576562 0.031250 0.031250
2 0.134375 0.579688 0.031250 0.031250
2 0.392188 0.614062 0.031250 0.031250
2 0.228125 0.542188 0.031250 0.031250
2 0.457813 0.545312 0.031250 0.031250
2 0.368750 0.609375 0.031250 0.031250
2 0.076563 0.589063 0.031250 0.031250
2 0.173437 0.575000 0.031250 0.031250