2 0.512500 0.645312 0.031250 0.031250
2 0.246875 0.606250 0.031250 0.031250
2 0.515625 0.584375 0.031250 0.031250
2 0.554688 0.621875 0.031250 0.031250
2 0.442188 0.625000 0.031250 0.031250
2 0.350000 0.707812 0.031250 0.031250
2 0.360938 0.590625 0.031250 0.031250
2 0.587500 0.670312 0.031250 0.031250
2 0.639062 0.604688 0.031250 0.031250
2 0.567187 0.665625 0.031250 0.031250
2 0.542188 0.628125 0.031250 0.031250
2 0.589063 0.604688 0.031250 0.031250
2 0.587500 0.635938 0.031250 0.031250
2 0.243750 0.660937 0.031250 0.031250
2 0.384375 0.628125 0.031250 0.031250