2 0.243750 0.385937 0.031250 0.031250
2 0.343750 0.412500 0.031250 0.031250
2 0.251563 0.489063 0.031250 0.031250
2 0.356250 0.468750 0.031250 0.031250
2 0.146875 0.498437 0.031250 0.031250
2 0.256250 0.492188 0.031250 0.031250
2 0.454688 0.490625 0.031250 0.031250
2 0.295312 0.468750 0.031250 0.031250
2 0.478125 0.459375 0.031250 0.031250
2 0.214062 0.465625 0.031250 0.031250
2 0.295312 0.453125 0.031250 0.031250
2 0.287500 0.393750 0.031250 0.031250
2 0.090625 0.415625 0.031250 0.031250
2 0.625000 0.448437 0.031250 0.031250