2 0.589063 0.343750 0.031250 0.031250
2 0.618750 0.345313 0.031250 0.031250
2 0.440625 0.370312 0.031250 0.031250
2 0.434375 0.314063 0.031250 0.031250
2 0.603125 0.323437 0.031250 0.031250
2 0.412500 0.342187 0.031250 0.031250
2 0.593750 0.362500 0.031250 0.031250
2 0.318750 0.315625 0.031250 0.031250
2 0.270313 0.287500 0.031250 0.031250
2 0.351562 0.339062 0.031250 0.031250
2 0.423438 0.314063 0.031250 0.031250
2 0.353125 0.306250 0.031250 0.031250
2 0.187500 0.343750 0.031250 0.031250
2 0.329688 0.285938 0.031250 0.031250
2 0.509375 0.260937 0.031250 0.031250