2 0.609375 0.529687 0.031250 0.031250
2 0.554688 0.520312 0.031250 0.031250
2 0.415625 0.518750 0.031250 0.031250
2 0.531250 0.568750 0.031250 0.031250
2 0.265625 0.504687 0.031250 0.031250
2 0.645312 0.517188 0.031250 0.031250
2 0.695312 0.606250 0.031250 0.031250
2 0.520312 0.501563 0.031250 0.031250
2 0.362500 0.515625 0.031250 0.031250
2 0.509375 0.493750 0.031250 0.031250
2 0.296875 0.560937 0.031250 0.031250
2 0.315625 0.540625 0.031250 0.031250
2 0.378125 0.517188 0.031250 0.031250
2 0.198437 0.532813 0.031250 0.031250