2 0.492188 0.415625 0.031250 0.031250
2 0.515625 0.417187 0.031250 0.031250
2 0.246875 0.429688 0.031250 0.031250
2 0.439063 0.379688 0.031250 0.031250
2 0.717187 0.426563 0.031250 0.031250
2 0.593750 0.415625 0.031250 0.031250
2 0.671875 0.346875 0.031250 0.031250
2 0.545312 0.360938 0.031250 0.031250
2 0.623437 0.426563 0.031250 0.031250
2 0.081250 0.434375 0.031250 0.031250
2 0.620313 0.420312 0.031250 0.031250
2 0.275000 0.381250 0.031250 0.031250
2 0.506250 0.482812 0.031250 0.031250
2 0.298438 0.389062 0.031250 0.031250