2 0.501563 0.495312 0.031250 0.031250
2 0.689063 0.562500 0.031250 0.031250
2 0.635938 0.557813 0.031250 0.031250
2 0.682813 0.568750 0.031250 0.031250
2 0.310937 0.531250 0.031250 0.031250
2 0.545312 0.518750 0.031250 0.031250
2 0.606250 0.542188 0.031250 0.031250
2 0.823438 0.512500 0.031250 0.031250
2 0.607812 0.535937 0.031250 0.031250
2 0.620313 0.498437 0.031250 0.031250
2 0.576562 0.532813 0.031250 0.031250
2 0.539062 0.493750 0.031250 0.031250
2 0.443750 0.534375 0.031250 0.031250
2 0.581250 0.575000 0.031250 0.031250
2 0.718750 0.528125 0.031250 0.031250