3 0.156250 0.856250 0.031250 0.031250
3 0.462500 0.843750 0.031250 0.031250
3 0.582812 0.117188 0.031250 0.031250
3 0.521875 0.165625 0.031250 0.031250
3 0.195312 0.665625 0.031250 0.031250
3 0.707812 0.165625 0.031250 0.031250
3 0.548438 0.689063 0.031250 0.031250
3 0.701562 0.870313 0.031250 0.031250
3 0.623437 0.692187 0.031250 0.031250
3 0.342187 0.637500 0.031250 0.031250
3 0.790625 0.551562 0.031250 0.031250
3 0.773438 0.232813 0.031250 0.031250
3 0.268750 0.707812 0.031250 0.031250
3 0.653125 0.579688 0.031250 0.031250
3 0.623437 0.121875 0.031250 0.031250