3 0.601562 0.123438 0.031250 0.031250
3 0.179688 0.278125 0.031250 0.031250
3 0.587500 0.504687 0.031250 0.031250
3 0.581250 0.795312 0.031250 0.031250
3 0.440625 0.151562 0.031250 0.031250
3 0.784375 0.603125 0.031250 0.031250
3 0.609375 0.462500 0.031250 0.031250
3 0.720313 0.145313 0.031250 0.031250
3 0.423438 0.754687 0.031250 0.031250
3 0.831250 0.460938 0.031250 0.031250
3 0.534375 0.373437 0.031250 0.031250
3 0.742188 0.654687 0.031250 0.031250
3 0.275000 0.207813 0.031250 0.031250
3 0.620313 0.439063 0.031250 0.031250