3 0.582812 0.242188 0.031250 0.031250
3 0.459375 0.515625 0.031250 0.031250
3 0.334375 0.859375 0.031250 0.031250
3 0.207813 0.150000 0.031250 0.031250
3 0.590625 0.145313 0.031250 0.031250
3 0.410938 0.820312 0.031250 0.031250
3 0.632812 0.351562 0.031250 0.031250
3 0.353125 0.225000 0.031250 0.031250
3 0.420312 0.451562 0.031250 0.031250
3 0.310937 0.521875 0.031250 0.031250
3 0.715625 0.271875 0.031250 0.031250
3 0.662500 0.184375 0.031250 0.031250
3 0.285938 0.532813 0.031250 0.031250
3 0.653125 0.495312 0.031250 0.031250