3 0.250000 0.514062 0.031250 0.031250
3 0.507812 0.506250 0.031250 0.031250
3 0.742188 0.773438 0.031250 0.031250
3 0.842187 0.512500 0.031250 0.031250
3 0.840625 0.764062 0.031250 0.031250
3 0.820312 0.398438 0.031250 0.031250
3 0.879687 0.151562 0.031250 0.031250
3 0.648438 0.151562 0.031250 0.031250
3 0.771875 0.632812 0.031250 0.031250
3 0.596875 0.682813 0.031250 0.031250
3 0.754687 0.551562 0.031250 0.031250
3 0.459375 0.204687 0.031250 0.031250
3 0.415625 0.659375 0.031250 0.031250
3 0.440625 0.434375 0.031250 0.031250