3 0.235937 0.154688 0.031250 0.031250
3 0.645312 0.662500 0.031250 0.031250
3 0.846875 0.576562 0.031250 0.031250
3 0.507812 0.821875 0.031250 0.031250
3 0.428125 0.681250 0.031250 0.031250
3 0.381250 0.787500 0.031250 0.031250
3 0.278125 0.379688 0.031250 0.031250
3 0.279687 0.204687 0.031250 0.031250
3 0.446875 0.845313 0.031250 0.031250
3 0.784375 0.718750 0.031250 0.031250
3 0.492188 0.525000 0.031250 0.031250
3 0.815625 0.531250 0.031250 0.031250
3 0.714063 0.467187 0.031250 0.031250
3 0.346875 0.560937 0.031250 0.031250