3 0.651563 0.365625 0.031250 0.031250
3 0.648438 0.223438 0.031250 0.031250
3 0.707812 0.370312 0.031250 0.031250
3 0.245312 0.832812 0.031250 0.031250
3 0.476562 0.725000 0.031250 0.031250
3 0.437500 0.171875 0.031250 0.031250
3 0.281250 0.512500 0.031250 0.031250
3 0.264062 0.189062 0.031250 0.031250
3 0.309375 0.254688 0.031250 0.031250
3 0.387500 0.551562 0.031250 0.031250
3 0.496875 0.737500 0.031250 0.031250
3 0.267188 0.639062 0.031250 0.031250
3 0.460938 0.328125 0.031250 0.031250
3 0.859375 0.804688 0.031250 0.031250