3 0.407813 0.818750 0.031250 0.031250
3 0.726562 0.453125 0.031250 0.031250
3 0.765625 0.378125 0.031250 0.031250
3 0.725000 0.862500 0.031250 0.031250
3 0.646875 0.353125 0.031250 0.031250
3 0.284375 0.421875 0.031250 0.031250
3 0.445312 0.248438 0.031250 0.031250
3 0.248438 0.401562 0.031250 0.031250
3 0.464062 0.510938 0.031250 0.031250
3 0.456250 0.259375 0.031250 0.031250
3 0.603125 0.576562 0.031250 0.031250
3 0.301563 0.484375 0.031250 0.031250
3 0.221875 0.825000 0.031250 0.031250
3 0.120313 0.790625 0.031250 0.031250