3 0.682813 0.543750 0.031250 0.031250
3 0.301563 0.464062 0.031250 0.031250
3 0.560937 0.684375 0.031250 0.031250
3 0.523438 0.832812 0.031250 0.031250
3 0.492188 0.343750 0.031250 0.031250
3 0.818750 0.139063 0.031250 0.031250
3 0.170313 0.854688 0.031250 0.031250
3 0.685937 0.678125 0.031250 0.031250
3 0.160938 0.562500 0.031250 0.031250
3 0.475000 0.778125 0.031250 0.031250
3 0.493750 0.614062 0.031250 0.031250
3 0.775000 0.456250 0.031250 0.031250
3 0.237500 0.718750 0.031250 0.031250
3 0.762500 0.154688 0.031250 0.031250
3 0.784375 0.175000 0.031250 0.031250