3 0.731250 0.703125 0.031250 0.031250
3 0.882812 0.878125 0.031250 0.031250
3 0.332813 0.467187 0.031250 0.031250
3 0.445312 0.881250 0.031250 0.031250
3 0.307812 0.668750 0.031250 0.031250
3 0.203125 0.490625 0.031250 0.031250
3 0.421875 0.256250 0.031250 0.031250
3 0.582812 0.204687 0.031250 0.031250
3 0.448437 0.290625 0.031250 0.031250
3 0.135937 0.367188 0.031250 0.031250
3 0.448437 0.320312 0.031250 0.031250
3 0.154688 0.712500 0.031250 0.031250
3 0.773438 0.515625 0.031250 0.031250
3 0.242188 0.614062 0.031250 0.031250