3 0.657813 0.810937 0.031250 0.031250
3 0.831250 0.237500 0.031250 0.031250
3 0.125000 0.232813 0.031250 0.031250
3 0.184375 0.432812 0.031250 0.031250
3 0.460938 0.117188 0.031250 0.031250
3 0.267188 0.401562 0.031250 0.031250
3 0.293750 0.723437 0.031250 0.031250
3 0.446875 0.523438 0.031250 0.031250
3 0.490625 0.870313 0.031250 0.031250
3 0.254688 0.203125 0.031250 0.031250
3 0.237500 0.790625 0.031250 0.031250
3 0.732812 0.471875 0.031250 0.031250
3 0.510938 0.206250 0.031250 0.031250
3 0.575000 0.314063 0.031250 0.031250