3 0.696875 0.120313 0.031250 0.031250
3 0.495312 0.307812 0.031250 0.031250
3 0.298438 0.382812 0.031250 0.031250
3 0.573438 0.671875 0.031250 0.031250
3 0.257812 0.151562 0.031250 0.031250
3 0.696875 0.600000 0.031250 0.031250
3 0.873437 0.684375 0.031250 0.031250
3 0.845313 0.178125 0.031250 0.031250
3 0.268750 0.275000 0.031250 0.031250
3 0.537500 0.535937 0.031250 0.031250
3 0.657813 0.389062 0.031250 0.031250
3 0.462500 0.873437 0.031250 0.031250
3 0.748437 0.146875 0.031250 0.031250
3 0.439063 0.207813 0.031250 0.031250
3 0.293750 0.368750 0.031250 0.031250