3 0.760938 0.268750 0.031250 0.031250
3 0.435937 0.485938 0.031250 0.031250
3 0.371875 0.193750 0.031250 0.031250
3 0.434375 0.510938 0.031250 0.031250
3 0.198437 0.639062 0.031250 0.031250
3 0.315625 0.576562 0.031250 0.031250
3 0.426563 0.175000 0.031250 0.031250
3 0.331250 0.570312 0.031250 0.031250
3 0.645312 0.775000 0.031250 0.031250
3 0.760938 0.564063 0.031250 0.031250
3 0.215625 0.518750 0.031250 0.031250
3 0.546875 0.293750 0.031250 0.031250
3 0.704688 0.800000 0.031250 0.031250
3 0.606250 0.870313 0.031250 0.031250