1 0.548438 0.176563 0.031250 0.031250
1 0.560937 0.253125 0.031250 0.031250
1 0.575000 0.504687 0.031250 0.031250
1 0.565625 0.485938 0.031250 0.031250
1 0.546875 0.454688 0.031250 0.031250
1 0.568750 0.276562 0.031250 0.031250
1 0.535937 0.392188 0.031250 0.031250
1 0.564063 0.153125 0.031250 0.031250
1 0.560937 0.467187 0.031250 0.031250
1 0.568750 0.495312 0.031250 0.031250
1 0.545312 0.414062 0.031250 0.031250
1 0.540625 0.453125 0.031250 0.031250
1 0.535937 0.071875 0.031250 0.031250
1 0.548438 0.335938 0.031250 0.031250