1 0.331250 0.603125 0.031250 0.031250
1 0.329688 0.798438 0.031250 0.031250
1 0.314063 0.451562 0.031250 0.031250
1 0.342187 0.292187 0.031250 0.031250
1 0.376563 0.526563 0.031250 0.031250
1 0.339062 0.204687 0.031250 0.031250
1 0.268750 0.457813 0.031250 0.031250
1 0.334375 0.398438 0.031250 0.031250
1 0.370312 0.454688 0.031250 0.031250
1 0.337500 0.325000 0.031250 0.031250
1 0.292187 0.204687 0.031250 0.031250
1 0.318750 0.567187 0.031250 0.031250
1 0.289062 0.518750 0.031250 0.031250
1 0.304688 0.448437 0.031250 0.031250