1 0.476562 0.126562 0.031250 0.031250
1 0.440625 0.407813 0.031250 0.031250
1 0.459375 0.657813 0.031250 0.031250
1 0.471875 0.329688 0.031250 0.031250
1 0.468750 0.482812 0.031250 0.031250
1 0.465625 0.581250 0.031250 0.031250
1 0.464062 0.460938 0.031250 0.031250
1 0.418750 0.617188 0.031250 0.031250
1 0.454688 0.285938 0.031250 0.031250
1 0.504687 0.553125 0.031250 0.031250
1 0.453125 0.659375 0.031250 0.031250
1 0.434375 0.593750 0.031250 0.031250
1 0.473438 0.535937 0.031250 0.031250
1 0.462500 0.565625 0.031250 0.031250
1 0.434375 0.331250 0.031250 0.031250