1 0.482812 0.357812 0.031250 0.031250
1 0.512500 0.446875 0.031250 0.031250
1 0.485938 0.679688 0.031250 0.031250
1 0.431250 0.051562 0.031250 0.031250
1 0.476562 0.364063 0.031250 0.031250
1 0.467187 0.101562 0.031250 0.031250
1 0.518750 0.478125 0.031250 0.031250
1 0.496875 0.242188 0.031250 0.031250
1 0.454688 0.517188 0.031250 0.031250
1 0.517188 0.335938 0.031250 0.031250
1 0.501563 0.443750 0.031250 0.031250
1 0.457813 0.370312 0.031250 0.031250
1 0.475000 0.317188 0.031250 0.031250
1 0.520312 0.442188 0.031250 0.031250
1 0.490625 0.568750 0.031250 0.031250