1 0.473438 0.664062 0.031250 0.031250
1 0.389062 0.428125 0.031250 0.031250
1 0.462500 0.567187 0.031250 0.031250
1 0.462500 0.773438 0.031250 0.031250
1 0.528125 0.548438 0.031250 0.031250
1 0.484375 0.609375 0.031250 0.031250
1 0.503125 0.846875 0.031250 0.031250
1 0.462500 0.418750 0.031250 0.031250
1 0.507812 0.426563 0.031250 0.031250
1 0.501563 0.628125 0.031250 0.031250
1 0.518750 0.495312 0.031250 0.031250
1 0.442188 0.417187 0.031250 0.031250
1 0.464062 0.498437 0.031250 0.031250
1 0.435937 0.671875 0.031250 0.031250
1 0.454688 0.460938 0.031250 0.031250