1 0.535937 0.512500 0.031250 0.031250
1 0.473438 0.770312 0.031250 0.031250
1 0.510938 0.860938 0.031250 0.031250
1 0.493750 0.696875 0.031250 0.031250
1 0.507812 0.623437 0.031250 0.031250
1 0.484375 0.629687 0.031250 0.031250
1 0.482812 0.848437 0.031250 0.031250
1 0.478125 0.632812 0.031250 0.031250
1 0.510938 0.814063 0.031250 0.031250
1 0.485938 0.539062 0.031250 0.031250
1 0.500000 0.610938 0.031250 0.031250
1 0.500000 0.750000 0.031250 0.031250
1 0.490625 0.523438 0.031250 0.031250
1 0.485938 0.689063 0.031250 0.031250
1 0.471875 0.860938 0.031250 0.031250